1 -371942.697447
1 -371942.697447
1 -371942.697447
1 -371942.697447
1 -371942.697447
1 -371942.697447
1 -371942.697447
1 -371942.697447
1 -371942.697447
1 -371942.697447
1 -371942.697447
1 -371942.697447
1 -371942.697447
1 -371942.697447
1 -371942.697447
1 -371942.697447
1 -371942.697447
1 -371942.697447
1 -371942.697447
1 -371942.697447
1 -371942.697447
1 -371942.697447
1 -371942.697447
1 -371942.697447
1 -371942.697447
1 -371942.697447
1 -371942.697447
1 -371942.697447
1 -371942.697447
1 -371942.697447
1 -371942.697447
1 -371942.697447
1 -371942.697447
1 -371942.697447
1 -371942.697447
1 -371942.697447
1 -371942.697447
1 -371942.697447
1 -371942.697447
1 -371942.697447
1 -371942.697447
1 -371942.697447
1 -371942.697447
1 -371942.697447
1 -371942.697447
1 -371942.697447
1 -371942.697447
1 -371942.697447
1 -371942.697447
1 -371942.697447
2 -353847.827669
2 -353847.862858
2 -353847.862858
2 -353847.862858
2 -353847.862858
2 -353847.862858
2 -353847.862858
2 -353847.862858
2 -353847.862858
2 -353847.862858
2 -353847.862858
2 -353847.809992
2 -353847.862858
2 -353847.862858
2 -351769.690952
2 -351769.690952
2 -351769.690952
2 -351769.690952
2 -351769.688234
2 -351769.688234
2 -351769.692048
2 -351769.692048
2 -353847.809992
2 -351769.692048
2 -351769.690529
2 -351769.690529
2 -353847.813902
2 -353847.813902
2 -353847.813902
2 -351769.69203
2 -351769.69203
2 -353847.839075
2 -353847.839075
2 -351769.687294
2 -353847.839075
2 -353847.839075
2 -351769.686302
2 -351769.686302
2 -351769.686302
2 -351769.685382
2 -351769.685382
2 -351769.690823
2 -351769.690823
2 -351769.686371
2 -351769.687294
2 -351769.686371
2 -351769.687294
2 -351769.687294
2 -351769.693117
2 -353847.862858
3 -334846.877262
3 -334846.876983
3 -334846.876983
3 -334846.876983
3 -334846.876983
3 -334846.876983
3 -334846.876983
3 -334846.876983
3 -334846.876983
3 -334846.876983
3 -334846.876983
3 -334846.877262
3 -334846.876983
3 -334846.876983
3 -334739.479414
3 -334739.479414
3 -334739.479414
3 -334739.479414
3 -334739.481862
3 -334739.481862
3 -334739.474469
3 -334739.474469
3 -334739.479504
3 -334739.474469
3 -334739.477174
3 -334739.477174
3 -334846.884139
3 -334846.884139
3 -334846.884139
3 -334846.877098
3 -334846.877098
3 -334846.877098
3 -334739.47904
3 -334739.472623
3 -334739.47904
3 -334739.481125
3 -334739.481125
3 -334739.481125
3 -334846.874084
3 -334846.874084
3 -334846.874084
3 -334846.873316
3 -334846.873316
3 -334739.476037
3 -334739.472623
3 -334739.476037
3 -334739.472623
3 -334739.472623
3 -334848.131136
3 -334846.876983
4 -321003.397442
4 -321003.397886
4 -321003.397886
4 -321003.397886
4 -321003.397886
4 -321003.397886
4 -321003.397886
4 -321003.397886
4 -321003.397886
4 -321003.397886
4 -321003.397886
4 -323830.760252
4 -321003.397886
4 -321003.397886
4 -323953.287083
4 -323953.287083
4 -323953.287083
4 -323953.287083
4 -321003.397875
4 -321003.397875
4 -321003.397614
4 -321003.397614
4 -323830.760252
4 -325765.304519
4 -325765.304519
4 -325765.304519
4 -321003.397936
4 -321003.397936
4 -321003.397936
4 -321003.400924
4 -321003.400924
4 -321003.39844
4 -321003.39844
4 -323969.742713
4 -321003.39844
4 -321003.39844
4 -321003.397752
4 -321003.397752
4 -321003.397633
4 -321003.397633
4 -321003.397633
4 -321003.398986
4 -321003.398986
4 -325664.902848
4 -323969.742713
4 -325664.902848
4 -323969.742713
4 -323969.742713
4 -321003.398018
4 -321003.397886
5 -310301.080455
5 -310341.063669
5 -310341.063669
5 -310341.063669
5 -310341.063669
5 -310341.063669
5 -310341.063669
5 -310341.063669
5 -310341.063669
5 -310341.063669
5 -310341.063669
5 -311596.070373
5 -310341.063669
5 -310341.063669
5 -310341.071053
5 -310341.071053
5 -310341.071053
5 -310341.071053
5 -310341.067032
5 -310341.067032
5 -311596.143065
5 -311596.143065
5 -311596.070373
5 -310295.951967
5 -310295.951967
5 -310295.951967
5 -314458.387752
5 -314458.387752
5 -310341.066209
5 -310341.066209
5 -310341.066209
5 -311596.075996
5 -311596.075996
5 -311927.747459
5 -311596.075996
5 -310314.548129
5 -310314.548129
5 -310314.548129
5 -310496.558249
5 -310496.558249
5 -310496.558249
5 -310288.577882
5 -310288.577882
5 -311566.785418
5 -311927.747459
5 -311566.785418
5 -311927.747459
5 -310341.052447
5 -310293.553762
5 -310341.063669
6 -300882.856929
6 -301661.391609
6 -301661.391609
6 -301661.391609
6 -301661.391609
6 -301661.391609
6 -301661.391609
6 -301661.391609
6 -301661.391609
6 -301661.391609
6 -301661.391609
6 -300921.95872
6 -301661.391609
6 -301661.391609
6 -301180.561415
6 -301180.561415
6 -301180.561415
6 -301180.561415
6 -301285.201657
6 -301285.201657
6 -301224.670476
6 -301224.670476
6 -300921.95872
6 -301010.527134
6 -301010.527134
6 -305571.74602
6 -305571.74602
6 -305571.74602
6 -301218.011991
6 -301218.011991
6 -301218.011991
6 -301285.196619
6 -301285.196619
6 -301285.192545
6 -301285.196619
6 -301261.271425
6 -301261.271425
6 -301261.271425
6 -301214.174348
6 -301214.174348
6 -301214.174348
6 -301244.198047
6 -301244.198047
6 -300867.901338
6 -301285.192545
6 -300867.901338
6 -301285.192545
6 -301224.670398
6 -300919.457435
6 -301661.391609
7 -292721.758224
7 -292562.659926
7 -292562.659926
7 -292562.659926
7 -292562.659926
7 -292562.659926
7 -292562.659926
7 -292562.659926
7 -292562.659926
7 -292562.659926
7 -292562.659926
7 -291479.615072
7 -292562.659926
7 -292562.659926
7 -291981.98443
7 -291981.98443
7 -291981.98443
7 -292083.887362
7 -292083.887362
7 -291952.443542
7 -291952.443542
7 -291952.443542
7 -291479.615072
7 -292631.904432
7 -292631.904432
7 -292371.583603
7 -292371.583603
7 -292371.583603
7 -291482.554151
7 -291482.554151
7 -291482.554151
7 -291481.329123
7 -291481.329123
7 -291913.143484
7 -291481.329123
7 -291482.5604
7 -291482.5604
7 -291482.5604
7 -292182.70519
7 -292182.70519
7 -292182.70519
7 -292055.753373
7 -292055.753373
7 -291803.898601
7 -291913.143484
7 -291803.898601
7 -291913.143484
7 -291990.645091
7 -292562.659926
7 -292562.659926
8 -282447.152538
8 -282510.552487
8 -282510.552487
8 -282510.552487
8 -282510.552487
8 -282510.552487
8 -282510.552487
8 -282510.552487
8 -282510.552487
8 -282510.552487
8 -282510.552487
8 -283850.066723
8 -282510.552487
8 -282510.552487
8 -282551.83018
8 -282551.83018
8 -282551.83018
8 -282447.168173
8 -282447.168173
8 -282861.109671
8 -282861.109671
8 -282861.109671
8 -283850.066723
8 -282738.237895
8 -282738.237895
8 -282446.929848
8 -282446.929848
8 -282446.929848
8 -283472.705827
8 -283472.705827
8 -283472.705827
8 -282447.55601
8 -282447.55601
8 -282530.680561
8 -282447.55601
8 -282648.744691
8 -282648.744691
8 -282648.744691
8 -282491.604952
8 -282491.604952
8 -282491.604952
8 -282531.888933
8 -282531.888933
8 -283404.024808
8 -282530.680561
8 -283404.024808
8 -282530.680561
8 -282493.40492
8 -283747.41854
8 -282510.552487
