1        1   (0)      1  : 0.0000 1.0000 0.0000
2        2   (0)      1  : 0.0000 1.0000 0.0000
3        3   (0)      1  : 0.6495 0.1706 0.1800
4        4   (0)      1  : 0.0000 1.0000 0.0000
5        5   (0)      1  : 0.6687 0.1760 0.1552
6        6   (0)      1  : 0.0000 1.0000 0.0000
7        7   (0)      1  : 0.7545 0.1560 0.0895
8        8   (0)      1  : 1.0000 0.0000 0.0000
9        9   (0)      1  : 0.1824 0.8176 0.0000
10       10   (0)      1  : 0.0000 1.0000 0.0000
11       11   (0)      2  : 1.0000 0.0000 0.0000
12       12   (0)      2  : 1.0000 0.0000 0.0000
13       13   (0)      2  : 0.8320 0.0010 0.1670
14       14   (0)      2  : 0.7438 0.1929 0.0633
15       15   (0)      2  : 0.5179 0.4204 0.0617
16       16   (0)      2  : 1.0000 0.0000 0.0000
17       17   (0)      2  : 0.5045 0.3644 0.1311
18       18   (0)      3  : 0.6692 0.2388 0.0920
19       19   (0)      3  : 0.0000 1.0000 0.0000
20       20   (0)      3  : 0.7680 0.1613 0.0707
21       21   (0)      3  : 0.6595 0.1751 0.1654
22       22   (0)      3  : 0.1301 0.8699 0.0000
23       23   (0)      3  : 0.7693 0.2098 0.0209
24       24   (0)      3  : 0.6277 0.3640 0.0083
25       25   (0)      3  : 1.0000 0.0000 0.0000
26       26   (0)      3  : 0.0000 0.0000 1.0000
27       27   (0)      3  : 1.0000 0.0000 0.0000
28       28   (0)      4  : 1.0000 0.0000 0.0000
29       29   (0)      4  : 0.9326 0.0674 0.0000
30       30   (0)      4  : 0.7287 0.0878 0.1835
31       31   (0)      5  : 0.0000 0.0000 1.0000
32       32   (0)      5  : 1.0000 0.0000 0.0000
33       33   (0)      5  : 0.9398 0.0000 0.0602
34       34   (0)      5  : 0.0000 0.0000 1.0000
35       35   (0)      5  : 0.0000 0.0000 1.0000
36       36   (0)      5  : 0.0000 0.0000 1.0000
