1        1   (0)      1  : 0.0000 0.0000 0.0000 1.0000 0.0000 0.0000 0.0000
2        2   (0)      1  : 0.0000 0.0000 0.0000 1.0000 0.0000 0.0000 0.0000
3        3   (0)      1  : 0.2600 0.4295 0.1295 0.0243 0.0333 0.0255 0.0979
4        4   (0)      1  : 0.0000 0.0000 0.0000 1.0000 0.0000 0.0000 0.0000
5        5   (0)      1  : 0.0000 0.9822 0.0000 0.0000 0.0000 0.0000 0.0178
6        6   (0)      1  : 0.0000 0.0000 0.0000 1.0000 0.0000 0.0000 0.0000
7        7   (0)      1  : 0.8729 0.0405 0.0000 0.0167 0.0000 0.0000 0.0698
8        8   (0)      1  : 0.2467 0.0146 0.0000 0.0000 0.0000 0.3388 0.3999
9        9   (0)      1  : 0.0320 0.0000 0.0000 0.3640 0.5364 0.0021 0.0655
10       10   (0)      1  : 0.0000 0.0000 0.0000 0.0000 1.0000 0.0000 0.0000
11       11   (0)      2  : 0.0723 0.0000 0.0000 0.0000 0.0000 0.7411 0.1866
12       12   (0)      2  : 0.9200 0.0000 0.0000 0.0000 0.0000 0.0400 0.0400
13       13   (0)      2  : 0.0276 0.7316 0.0427 0.0000 0.0000 0.0950 0.1030
14       14   (0)      2  : 0.8247 0.0117 0.0000 0.0000 0.1425 0.0071 0.0140
15       15   (0)      2  : 0.0000 0.6685 0.0000 0.1014 0.2161 0.0000 0.0140
16       16   (0)      2  : 0.9200 0.0000 0.0000 0.0000 0.0000 0.0000 0.0800
17       17   (0)      2  : 0.0668 0.3359 0.0844 0.0466 0.3115 0.0651 0.0897
18       18   (0)      3  : 0.4299 0.4000 0.0000 0.0000 0.0101 0.0000 0.1600
19       19   (0)      3  : 0.0000 0.0000 0.0000 0.0000 1.0000 0.0000 0.0000
20       20   (0)      3  : 0.0000 0.9445 0.0000 0.0000 0.0000 0.0254 0.0302
21       21   (0)      3  : 0.1988 0.6355 0.0640 0.0028 0.0540 0.0285 0.0164
22       22   (0)      3  : 0.0000 0.0000 0.0000 0.0000 1.0000 0.0000 0.0000
23       23   (0)      3  : 0.4648 0.4000 0.0000 0.0000 0.0000 0.0000 0.1352
24       24   (0)      3  : 0.5281 0.1033 0.0000 0.1354 0.1852 0.0017 0.0463
25       25   (0)      3  : 0.0000 0.0400 0.0000 0.0000 0.0000 0.0800 0.8800
26       26   (0)      3  : 0.0000 0.0000 1.0000 0.0000 0.0000 0.0000 0.0000
27       27   (0)      3  : 0.0000 0.0400 0.0000 0.0000 0.0000 0.0695 0.8905
28       28   (0)      4  : 0.0000 0.0000 0.0000 0.0000 0.0000 1.0000 0.0000
29       29   (0)      4  : 1.0000 0.0000 0.0000 0.0000 0.0000 0.0000 0.0000
30       30   (0)      4  : 0.2409 0.7027 0.0096 0.0000 0.0000 0.0068 0.0400
31       31   (0)      5  : 0.0000 0.0000 1.0000 0.0000 0.0000 0.0000 0.0000
32       32   (0)      5  : 0.0000 0.0000 0.0000 0.0000 0.0000 1.0000 0.0000
33       33   (0)      5  : 0.0000 0.0000 0.0000 0.0000 0.0000 0.9600 0.0400
34       34   (0)      5  : 0.0000 0.0000 1.0000 0.0000 0.0000 0.0000 0.0000
35       35   (0)      5  : 0.0000 0.0000 1.0000 0.0000 0.0000 0.0000 0.0000
36       36   (0)      5  : 0.0000 0.0000 1.0000 0.0000 0.0000 0.0000 0.0000
