-371942.697447
-371942.697447
-371942.697447
-371942.697447
-371942.697447
-371942.697447
-371942.697447
-371942.697447
-371942.697447
-371942.697447
-371942.697447
-371942.697447
-371942.697447
-371942.697447
-371942.697447
-371942.697447
-371942.697447
-371942.697447
-371942.697447
-371942.697447
-371942.697447
-371942.697447
-371942.697447
-371942.697447
-371942.697447
-371942.697447
-371942.697447
-371942.697447
-371942.697447
-371942.697447
-371942.697447
-371942.697447
-371942.697447
-371942.697447
-371942.697447
-371942.697447
-371942.697447
-371942.697447
-371942.697447
-371942.697447
-371942.697447
-371942.697447
-371942.697447
-371942.697447
-371942.697447
-371942.697447
-371942.697447
-371942.697447
-371942.697447
-371942.697447
-353847.827669
-353847.862858
-353847.862858
-353847.862858
-353847.862858
-353847.862858
-353847.862858
-353847.862858
-353847.862858
-353847.862858
-353847.862858
-353847.809992
-353847.862858
-353847.862858
-351769.690952
-351769.690952
-351769.690952
-351769.690952
-351769.688234
-351769.688234
-351769.692048
-351769.692048
-353847.809992
-351769.692048
-351769.690529
-351769.690529
-353847.813902
-353847.813902
-353847.813902
-351769.692030
-351769.692030
-353847.839075
-353847.839075
-351769.687294
-353847.839075
-353847.839075
-351769.686302
-351769.686302
-351769.686302
-351769.685382
-351769.685382
-351769.690823
-351769.690823
-351769.686371
-351769.687294
-351769.686371
-351769.687294
-351769.687294
-351769.693117
-353847.862858
-334846.877262
-334846.876983
-334846.876983
-334846.876983
-334846.876983
-334846.876983
-334846.876983
-334846.876983
-334846.876983
-334846.876983
-334846.876983
-334846.877262
-334846.876983
-334846.876983
-334739.479414
-334739.479414
-334739.479414
-334739.479414
-334739.481862
-334739.481862
-334739.474469
-334739.474469
-334739.479504
-334739.474469
-334739.477174
-334739.477174
-334846.884139
-334846.884139
-334846.884139
-334846.877098
-334846.877098
-334846.877098
-334739.479040
-334739.472623
-334739.479040
-334739.481125
-334739.481125
-334739.481125
-334846.874084
-334846.874084
-334846.874084
-334846.873316
-334846.873316
-334739.476037
-334739.472623
-334739.476037
-334739.472623
-334739.472623
-334848.131136
-334846.876983
-321003.397442
-321003.397886
-321003.397886
-321003.397886
-321003.397886
-321003.397886
-321003.397886
-321003.397886
-321003.397886
-321003.397886
-321003.397886
-323830.760252
-321003.397886
-321003.397886
-323953.287083
-323953.287083
-323953.287083
-323953.287083
-321003.397875
-321003.397875
-321003.397614
-321003.397614
-323830.760252
-325765.304519
-325765.304519
-325765.304519
-321003.397936
-321003.397936
-321003.397936
-321003.400924
-321003.400924
-321003.398440
-321003.398440
-323969.742713
-321003.398440
-321003.398440
-321003.397752
-321003.397752
-321003.397633
-321003.397633
-321003.397633
-321003.398986
-321003.398986
-325664.902848
-323969.742713
-325664.902848
-323969.742713
-323969.742713
-321003.398018
-321003.397886
-310301.080455
-310341.063669
-310341.063669
-310341.063669
-310341.063669
-310341.063669
-310341.063669
-310341.063669
-310341.063669
-310341.063669
-310341.063669
-311596.070373
-310341.063669
-310341.063669
-310341.071053
-310341.071053
-310341.071053
-310341.071053
-310341.067032
-310341.067032
-311596.143065
-311596.143065
-311596.070373
-310295.951967
-310295.951967
-310295.951967
-314458.387752
-314458.387752
-310341.066209
-310341.066209
-310341.066209
-311596.075996
-311596.075996
-311927.747459
-311596.075996
-310314.548129
-310314.548129
-310314.548129
-310496.558249
-310496.558249
-310496.558249
-310288.577882
-310288.577882
-311566.785418
-311927.747459
-311566.785418
-311927.747459
-310341.052447
-310293.553762
-310341.063669
-300882.856929
-301661.391609
-301661.391609
-301661.391609
-301661.391609
-301661.391609
-301661.391609
-301661.391609
-301661.391609
-301661.391609
-301661.391609
-300921.958720
-301661.391609
-301661.391609
-301180.561415
-301180.561415
-301180.561415
-301180.561415
-301285.201657
-301285.201657
-301224.670476
-301224.670476
-300921.958720
-301010.527134
-301010.527134
-305571.746020
-305571.746020
-305571.746020
-301218.011991
-301218.011991
-301218.011991
-301285.196619
-301285.196619
-301285.192545
-301285.196619
-301261.271425
-301261.271425
-301261.271425
-301214.174348
-301214.174348
-301214.174348
-301244.198047
-301244.198047
-300867.901338
-301285.192545
-300867.901338
-301285.192545
-301224.670398
-300919.457435
-301661.391609
-292721.758224
-292562.659926
-292562.659926
-292562.659926
-292562.659926
-292562.659926
-292562.659926
-292562.659926
-292562.659926
-292562.659926
-292562.659926
-291479.615072
-292562.659926
-292562.659926
-291981.984430
-291981.984430
-291981.984430
-292083.887362
-292083.887362
-291952.443542
-291952.443542
-291952.443542
-291479.615072
-292631.904432
-292631.904432
-292371.583603
-292371.583603
-292371.583603
-291482.554151
-291482.554151
-291482.554151
-291481.329123
-291481.329123
-291913.143484
-291481.329123
-291482.560400
-291482.560400
-291482.560400
-292182.705190
-292182.705190
-292182.705190
-292055.753373
-292055.753373
-291803.898601
-291913.143484
-291803.898601
-291913.143484
-291990.645091
-292562.659926
-292562.659926
-282447.152538
-282510.552487
-282510.552487
-282510.552487
-282510.552487
-282510.552487
-282510.552487
-282510.552487
-282510.552487
-282510.552487
-282510.552487
-283850.066723
-282510.552487
-282510.552487
-282551.830180
-282551.830180
-282551.830180
-282447.168173
-282447.168173
-282861.109671
-282861.109671
-282861.109671
-283850.066723
-282738.237895
-282738.237895
-282446.929848
-282446.929848
-282446.929848
-283472.705827
-283472.705827
-283472.705827
-282447.556010
-282447.556010
-282530.680561
-282447.556010
-282648.744691
-282648.744691
-282648.744691
-282491.604952
-282491.604952
-282491.604952
-282531.888933
-282531.888933
-283404.024808
-282530.680561
-283404.024808
-282530.680561
-282493.404920
-283747.418540
-282510.552487
