7 -371942.697447
7 -371942.697447
7 -371942.697447
7 -371942.697447
7 -371942.697447
7 -371942.697447
7 -371942.697447
7 -371942.697447
7 -371942.697447
7 -371942.697447
7 -371942.697447
7 -371942.697447
7 -371942.697447
7 -371942.697447
7 -371942.697447
7 -371942.697447
7 -371942.697447
7 -371942.697447
7 -371942.697447
7 -371942.697447
7 -371942.697447
7 -371942.697447
7 -371942.697447
7 -371942.697447
7 -371942.697447
7 -371942.697447
7 -371942.697447
7 -371942.697447
7 -371942.697447
7 -371942.697447
7 -371942.697447
7 -371942.697447
7 -371942.697447
7 -371942.697447
7 -371942.697447
7 -371942.697447
7 -371942.697447
7 -371942.697447
7 -371942.697447
7 -371942.697447
7 -371942.697447
7 -371942.697447
7 -371942.697447
7 -371942.697447
7 -371942.697447
7 -371942.697447
7 -371942.697447
7 -371942.697447
7 -371942.697447
7 -371942.697447
8 -353847.827669
8 -353847.862858
8 -353847.862858
8 -353847.862858
8 -353847.862858
8 -353847.862858
8 -353847.862858
8 -353847.862858
8 -353847.862858
8 -353847.862858
8 -353847.862858
8 -353847.809992
8 -353847.862858
8 -353847.862858
8 -351769.690952
8 -351769.690952
8 -351769.690952
8 -351769.690952
8 -351769.688234
8 -351769.688234
8 -351769.692048
8 -351769.692048
8 -353847.809992
8 -351769.692048
8 -351769.690529
8 -351769.690529
8 -353847.813902
8 -353847.813902
8 -353847.813902
8 -351769.69203
8 -351769.69203
8 -353847.839075
8 -353847.839075
8 -351769.687294
8 -353847.839075
8 -353847.839075
8 -351769.686302
8 -351769.686302
8 -351769.686302
8 -351769.685382
8 -351769.685382
8 -351769.690823
8 -351769.690823
8 -351769.686371
8 -351769.687294
8 -351769.686371
8 -351769.687294
8 -351769.687294
8 -351769.693117
8 -353847.862858
1 -334846.877262
1 -334846.876983
1 -334846.876983
1 -334846.876983
1 -334846.876983
1 -334846.876983
1 -334846.876983
1 -334846.876983
1 -334846.876983
1 -334846.876983
1 -334846.876983
1 -334846.877262
1 -334846.876983
1 -334846.876983
1 -334739.479414
1 -334739.479414
1 -334739.479414
1 -334739.479414
1 -334739.481862
1 -334739.481862
1 -334739.474469
1 -334739.474469
1 -334739.479504
1 -334739.474469
1 -334739.477174
1 -334739.477174
1 -334846.884139
1 -334846.884139
1 -334846.884139
1 -334846.877098
1 -334846.877098
1 -334846.877098
1 -334739.47904
1 -334739.472623
1 -334739.47904
1 -334739.481125
1 -334739.481125
1 -334739.481125
1 -334846.874084
1 -334846.874084
1 -334846.874084
1 -334846.873316
1 -334846.873316
1 -334739.476037
1 -334739.472623
1 -334739.476037
1 -334739.472623
1 -334739.472623
1 -334848.131136
1 -334846.876983
2 -321003.397442
2 -321003.397886
2 -321003.397886
2 -321003.397886
2 -321003.397886
2 -321003.397886
2 -321003.397886
2 -321003.397886
2 -321003.397886
2 -321003.397886
2 -321003.397886
2 -323830.760252
2 -321003.397886
2 -321003.397886
2 -323953.287083
2 -323953.287083
2 -323953.287083
2 -323953.287083
2 -321003.397875
2 -321003.397875
2 -321003.397614
2 -321003.397614
2 -323830.760252
2 -325765.304519
2 -325765.304519
2 -325765.304519
2 -321003.397936
2 -321003.397936
2 -321003.397936
2 -321003.400924
2 -321003.400924
2 -321003.39844
2 -321003.39844
2 -323969.742713
2 -321003.39844
2 -321003.39844
2 -321003.397752
2 -321003.397752
2 -321003.397633
2 -321003.397633
2 -321003.397633
2 -321003.398986
2 -321003.398986
2 -325664.902848
2 -323969.742713
2 -325664.902848
2 -323969.742713
2 -323969.742713
2 -321003.398018
2 -321003.397886
3 -310301.080455
3 -310341.063669
3 -310341.063669
3 -310341.063669
3 -310341.063669
3 -310341.063669
3 -310341.063669
3 -310341.063669
3 -310341.063669
3 -310341.063669
3 -310341.063669
3 -311596.070373
3 -310341.063669
3 -310341.063669
3 -310341.071053
3 -310341.071053
3 -310341.071053
3 -310341.071053
3 -310341.067032
3 -310341.067032
3 -311596.143065
3 -311596.143065
3 -311596.070373
3 -310295.951967
3 -310295.951967
3 -310295.951967
3 -314458.387752
3 -314458.387752
3 -310341.066209
3 -310341.066209
3 -310341.066209
3 -311596.075996
3 -311596.075996
3 -311927.747459
3 -311596.075996
3 -310314.548129
3 -310314.548129
3 -310314.548129
3 -310496.558249
3 -310496.558249
3 -310496.558249
3 -310288.577882
3 -310288.577882
3 -311566.785418
3 -311927.747459
3 -311566.785418
3 -311927.747459
3 -310341.052447
3 -310293.553762
3 -310341.063669
4 -300882.856929
4 -301661.391609
4 -301661.391609
4 -301661.391609
4 -301661.391609
4 -301661.391609
4 -301661.391609
4 -301661.391609
4 -301661.391609
4 -301661.391609
4 -301661.391609
4 -300921.95872
4 -301661.391609
4 -301661.391609
4 -301180.561415
4 -301180.561415
4 -301180.561415
4 -301180.561415
4 -301285.201657
4 -301285.201657
4 -301224.670476
4 -301224.670476
4 -300921.95872
4 -301010.527134
4 -301010.527134
4 -305571.74602
4 -305571.74602
4 -305571.74602
4 -301218.011991
4 -301218.011991
4 -301218.011991
4 -301285.196619
4 -301285.196619
4 -301285.192545
4 -301285.196619
4 -301261.271425
4 -301261.271425
4 -301261.271425
4 -301214.174348
4 -301214.174348
4 -301214.174348
4 -301244.198047
4 -301244.198047
4 -300867.901338
4 -301285.192545
4 -300867.901338
4 -301285.192545
4 -301224.670398
4 -300919.457435
4 -301661.391609
5 -292721.758224
5 -292562.659926
5 -292562.659926
5 -292562.659926
5 -292562.659926
5 -292562.659926
5 -292562.659926
5 -292562.659926
5 -292562.659926
5 -292562.659926
5 -292562.659926
5 -291479.615072
5 -292562.659926
5 -292562.659926
5 -291981.98443
5 -291981.98443
5 -291981.98443
5 -292083.887362
5 -292083.887362
5 -291952.443542
5 -291952.443542
5 -291952.443542
5 -291479.615072
5 -292631.904432
5 -292631.904432
5 -292371.583603
5 -292371.583603
5 -292371.583603
5 -291482.554151
5 -291482.554151
5 -291482.554151
5 -291481.329123
5 -291481.329123
5 -291913.143484
5 -291481.329123
5 -291482.5604
5 -291482.5604
5 -291482.5604
5 -292182.70519
5 -292182.70519
5 -292182.70519
5 -292055.753373
5 -292055.753373
5 -291803.898601
5 -291913.143484
5 -291803.898601
5 -291913.143484
5 -291990.645091
5 -292562.659926
5 -292562.659926
6 -282447.152538
6 -282510.552487
6 -282510.552487
6 -282510.552487
6 -282510.552487
6 -282510.552487
6 -282510.552487
6 -282510.552487
6 -282510.552487
6 -282510.552487
6 -282510.552487
6 -283850.066723
6 -282510.552487
6 -282510.552487
6 -282551.83018
6 -282551.83018
6 -282551.83018
6 -282447.168173
6 -282447.168173
6 -282861.109671
6 -282861.109671
6 -282861.109671
6 -283850.066723
6 -282738.237895
6 -282738.237895
6 -282446.929848
6 -282446.929848
6 -282446.929848
6 -283472.705827
6 -283472.705827
6 -283472.705827
6 -282447.55601
6 -282447.55601
6 -282530.680561
6 -282447.55601
6 -282648.744691
6 -282648.744691
6 -282648.744691
6 -282491.604952
6 -282491.604952
6 -282491.604952
6 -282531.888933
6 -282531.888933
6 -283404.024808
6 -282530.680561
6 -283404.024808
6 -282530.680561
6 -282493.40492
6 -283747.41854
6 -282510.552487
