7 -598605.273009
7 -598605.273009
7 -598605.273009
7 -598605.273009
7 -598605.273009
7 -598605.273009
7 -598605.273009
7 -598605.273009
7 -598605.273009
7 -598605.273009
7 -598605.273009
7 -598605.273009
7 -598605.273009
7 -598605.273009
7 -598605.273009
7 -598605.273009
7 -598605.273009
7 -598605.273009
7 -598605.273009
7 -598605.273009
7 -598605.273009
7 -598605.273009
7 -598605.273009
7 -598605.273009
7 -598605.273009
7 -598605.273009
7 -598605.273009
7 -598605.273009
7 -598605.273009
7 -598605.273009
7 -598605.273009
7 -598605.273009
7 -598605.273009
7 -598605.273009
7 -598605.273009
7 -598605.273009
7 -598605.273009
7 -598605.273009
7 -598605.273009
7 -598605.273009
7 -598605.273009
7 -598605.273009
7 -598605.273009
7 -598605.273009
7 -598605.273009
7 -598605.273009
7 -598605.273009
7 -598605.273009
7 -598605.273009
7 -598605.273009
8 -567141.77926
8 -567141.779318
8 -571455.114694
8 -571455.114694
8 -567141.779773
8 -567141.779773
8 -570203.965563
8 -567141.77929
8 -567141.77929
8 -568027.584178
8 -568027.584178
8 -567141.778957
8 -567141.779462
8 -570203.968372
8 -570203.968372
8 -570204.008546
8 -567141.779884
8 -567141.779884
8 -567141.779366
8 -568027.593046
8 -567141.782353
8 -567141.779211
8 -567141.779036
8 -567141.779366
8 -568027.604258
8 -567141.782353
8 -567141.779149
8 -567141.782353
8 -570203.984243
8 -568027.526752
8 -571455.778381
8 -567141.779337
8 -567141.779353
8 -567141.779036
8 -568027.599697
8 -567141.778353
8 -567141.779298
8 -570203.997059
8 -568027.58577
8 -568027.58577
8 -567141.778353
8 -567141.779337
8 -568027.58577
8 -567141.779351
8 -567141.779426
8 -570204.004837
8 -568027.538352
8 -568027.641569
8 -567141.779815
8 -567141.779815
1 -540095.298339
1 -540095.295451
1 -540589.219935
1 -540589.219935
1 -540095.304426
1 -540589.221685
1 -540589.221685
1 -545201.015051
1 -545201.015051
1 -540095.297822
1 -540095.297822
1 -540589.209099
1 -540589.211681
1 -540095.301298
1 -540095.292444
1 -540589.211681
1 -540589.211681
1 -540102.449459
1 -540095.270718
1 -540095.28436
1 -540589.216484
1 -540095.283272
1 -540095.303106
1 -540095.281417
1 -540095.281417
1 -540589.217695
1 -540589.213587
1 -540095.302765
1 -540589.209997
1 -540589.213587
1 -540589.20535
1 -540589.215324
1 -540589.213587
1 -540095.308842
1 -540095.298061
1 -540589.209997
1 -540095.294796
1 -540589.20535
1 -540095.294796
1 -540095.298061
1 -540589.221781
1 -540589.23409
1 -540095.301455
1 -540095.298061
1 -540095.308842
1 -540589.20535
1 -540095.297827
1 -540102.431164
1 -540095.290236
1 -540095.290236
2 -518213.251883
2 -518213.25202
2 -518213.250965
2 -518213.250965
2 -518213.246699
2 -518213.88985
2 -518213.88985
2 -518213.247603
2 -518213.249275
2 -518213.248526
2 -526263.582017
2 -518213.247446
2 -518213.248526
2 -518213.247768
2 -523494.381229
2 -518213.24919
2 -518213.24919
2 -518213.252122
2 -518213.252906
2 -518213.248664
2 -518213.699344
2 -523088.5677
2 -518213.250401
2 -523161.191476
2 -518213.697474
2 -518213.697474
2 -518213.248076
2 -518213.252838
2 -518213.256458
2 -518213.247641
2 -523495.488925
2 -518213.247511
2 -518213.247511
2 -518213.247982
2 -518213.576347
2 -518213.251469
2 -518213.247641
2 -523373.293292
2 -518213.251469
2 -523085.334979
2 -518213.696786
2 -518213.251469
2 -518213.576347
2 -518213.247641
2 -518213.247982
2 -518213.70623
2 -518213.703507
2 -518213.608741
2 -518213.251823
2 -518213.251823
3 -501533.462395
3 -501709.505928
3 -501561.090078
3 -504294.448895
3 -504294.448895
3 -504294.314094
3 -501515.869329
3 -501515.869329
3 -504294.435311
3 -509312.345441
3 -504294.317603
3 -501710.595794
3 -509312.345441
3 -504294.312254
3 -501537.839656
3 -501525.387735
3 -501525.387735
3 -501525.387735
3 -501525.387735
3 -501488.17383
3 -509307.261186
3 -501488.17383
3 -501459.892121
3 -509307.261186
3 -501488.17383
3 -501526.595886
3 -504294.452096
3 -501533.873589
3 -501459.894084
3 -501459.894084
3 -503468.181835
3 -501515.873801
3 -503468.14553
3 -504294.373779
3 -504294.322813
3 -501502.229884
3 -504294.322813
3 -504294.322813
3 -501515.873801
3 -504294.322419
3 -501515.873801
3 -504294.452096
3 -504294.317547
3 -504294.317547
3 -504294.373779
3 -504294.322813
3 -501496.589047
3 -501496.589047
3 -502093.843916
3 -501709.505928
4 -493418.283759
4 -489615.852839
4 -487701.003612
4 -487638.34507
4 -487638.34507
4 -487083.981892
4 -488146.128004
4 -488146.128004
4 -487699.866143
4 -487699.866143
4 -487699.866143
4 -487682.76515
4 -487699.866143
4 -487632.553005
4 -486739.093883
4 -488295.649979
4 -487632.553005
4 -487796.582824
4 -488068.894965
4 -488295.649979
4 -487868.91938
4 -487868.91938
4 -486202.313815
4 -486671.052514
4 -486694.773676
4 -487141.773259
4 -487868.578238
4 -486202.316414
4 -486202.300988
4 -486202.316414
4 -487868.91938
4 -487747.294362
4 -487798.445591
4 -486664.101716
4 -487798.445591
4 -486686.713857
4 -487610.639722
4 -486600.832
4 -486692.321023
4 -488300.139074
4 -486674.014025
4 -487798.445591
4 -486686.719788
4 -486674.014025
4 -488635.85481
4 -486686.713857
4 -486701.59787
4 -487671.703808
4 -487671.703808
4 -489615.852839
5 -472417.57844
5 -472417.554216
5 -473542.311286
5 -472969.739657
5 -472969.739657
5 -472988.485213
5 -472870.43567
5 -472647.298273
5 -472870.43567
5 -472696.151626
5 -473181.244126
5 -471841.585421
5 -474209.781342
5 -471795.122459
5 -472880.917376
5 -471795.122459
5 -472695.711891
5 -474129.19634
5 -474129.19634
5 -474828.676421
5 -472931.867287
5 -471853.885466
5 -473270.822102
5 -474828.676421
5 -474828.676421
5 -473526.717835
5 -473260.274763
5 -474828.676421
5 -473800.07043
5 -472960.730038
5 -473833.492005
5 -472909.354912
5 -471841.885261
5 -471837.221189
5 -472875.112597
5 -473800.07043
5 -472960.730038
5 -472960.730038
5 -472875.112597
5 -472362.392257
5 -472881.86639
5 -472324.982234
5 -471841.885261
5 -472881.86639
5 -472350.480276
5 -472324.982234
5 -471790.520572
5 -472876.462064
5 -472876.462064
5 -472876.462064
6 -459072.866351
6 -457984.065068
6 -459145.400547
6 -460328.473553
6 -460328.473553
6 -459353.868116
6 -457943.549657
6 -457943.549657
6 -458116.636809
6 -461511.661017
6 -461511.661017
6 -459526.979997
6 -459019.141812
6 -459019.141812
6 -459426.738369
6 -459019.141812
6 -458053.482989
6 -459527.764805
6 -459527.764805
6 -459008.468234
6 -458377.3091
6 -458377.3091
6 -458976.851799
6 -458377.3091
6 -460783.202641
6 -459841.95068
6 -459263.927071
6 -458003.635139
6 -458053.387686
6 -463590.958122
6 -460676.662063
6 -459146.685145
6 -458058.455238
6 -459858.615864
6 -458053.387686
6 -458377.3091
6 -458341.423095
6 -459025.173124
6 -457971.506671
6 -462202.5135
6 -457985.916852
6 -462202.5135
6 -462202.5135
6 -459025.173124
6 -458006.985631
6 -457985.916852
6 -460257.380428
6 -459764.190894
6 -459764.190894
6 -457984.065068
